9.992626203606080892e-01 2.927877664179631689e-02 2.483885642317518877e-02 -1.497265766374766827e-04
-3.838193303796687272e-02 7.445200029232170724e-01 6.664959058114924284e-01 -1.016836395137943327e-04
1.021159302134639138e-03 -6.669578086247828219e-01 7.450947850764405578e-01 -8.290323603432625532e-05
0.000000000000000000e+00 0.000000000000000000e+00 0.000000000000000000e+00 1.000000000000000000e+00
