9.994491221935905001e-01 2.517452158143410404e-02 2.162627128303476823e-02 4.293529855203814805e-05
-3.318777227377790739e-02 7.611503031980305645e-01 6.477258584563766464e-01 6.076213321648538113e-04
-1.546543415617898654e-04 -6.480867684227876735e-01 7.615664886780028064e-01 3.325453144498169422e-04
0.000000000000000000e+00 0.000000000000000000e+00 0.000000000000000000e+00 1.000000000000000000e+00
