9.984405035214031221e-01 4.208650424207187324e-02 3.667815546901227741e-02 2.622227184474468231e-04
-5.582380666184458273e-02 7.587190093425421056e-01 6.490217003090517078e-01 9.919403819367289543e-04
-5.133592387071353458e-04 -6.500570675125019182e-01 7.598852185951102678e-01 1.458263432141393423e-05
0.000000000000000000e+00 0.000000000000000000e+00 0.000000000000000000e+00 1.000000000000000000e+00
